0.6720025460173562,0.6889409936001755,0.3100070888188807,0.8480817111762906
0.24172926372257542,0.3075175833154814,0.4555784066473324,0.2825002845835646
0.13051085334732937,0.39721311018967675,0.45498177832422604,0.39888974980061365
0.4073687849127813,0.2747415034450533,0.09009160220017576,0.8845653025248396
0.7619215960141104,0.5666244853660863,0.26858612869680865,0.14641580656898578
0.7545040243053206,0.7284211144998926,0.2538521764736007,0.2304909397003364
0.39878270010137307,0.9613292146994783,0.1420615173877945,0.5665043486836018
0.30730625121193333,0.704709354530106,0.144851648348148,0.06785500711897496
0.3570859618944846,0.31921626734694897,0.9403446530970503,0.3613439166935378
0.8891438789481791,0.3488682502423578,0.5690942167687885,0.5258211630480782
0.7577009160635523,0.050245273523666145,0.8195304780981256,0.3715431967851257
0.5348157714136766,0.9499926585531269,0.5000413937673301,0.4676775000792317
0.45666817024834805,0.30630517916789113,0.025239805746675836,0.9933990296874964
0.09547390798882027,0.290565640904347,8.635775378827846,3.884888915019566
0.10186389987680577,0.5584245727745614,6.140281332111575,2.806204208095187
0.7733757272338215,0.9528930644675955,4.36293595030102,1.463375901269161
0.19458620100434498,0.5080287912560935,2.973596774401,0.41806045661633806
0.2620104472852338,0.4178484490343134,1.125458078352097,1.3958750521175953
0.8162587807972764,0.7658976838808784,0.974426296374334,1.9481946220553958
0.6607130148184936,0.3481649823913592,1.2260028462538128,2.74206047738719
0.22348375051137126,0.8161734642810192,0.9554267195223284,0.8134845286179941
0.9471409408689432,0.9942603671321465,0.14998251075777513,0.7936275199644518
0.8557008238467825,0.37573256057834226,0.25544295717874754,0.807440075173235
0.4057550926063871,0.06877742898642358,0.19050319741798216,0.40598541496188334
0.6804723856294496,0.482309957403912,0.8417316340777568,0.46892869251129454
0.30560447775661936,0.3117062731289766,0.5086675662492876,0.9005117759994973
0.12327475609252292,0.5241323250018854,0.1535995032387587,0.8650010189231587
1.838098043629723,0.984920732432032,0.9074816339706151,0.7388457442556626
0.14397870166293403,0.1018318991916416,0.2822143843171835,0.029106440795589217
0.3985074280985278,0.3488714285944746,0.4119580631247649,0.331736442641145
0.5053577021359829,0.6145424088021544,0.5576759328645596,0.10985391898059482
1.414026664789674,2.0666572041765754,0.6001434143684762,0.21053961845354052
0.3714386504273657,0.1028816412918444,0.6556559586010466,0.19535432147700238
0.5012124006757549,0.8668497608975402,0.6790550442992486,0.10410829595630078
0.3278794443691371,0.24555382799029635,0.6346311644145536,0.767193220525039
0.7873321795546478,1.5693973374157268,4.491002866140943,1.6676623354340754
0.0063871036056539765,0.4727312723392194,0.3441500743776107,0.11838246705057598
0.5410693937695314,0.35010513172669655,0.05509169425731586,0.6921777972973802
0.7348028302981386,0.7378229969175821,0.1563194634247731,2.688772541425455
0.9405728555399382,0.7665626971875198,0.8248139881002581,4.1996992712009895
0.9645863477100409,0.3714987747277656,0.7068300924073337,0.5642926403077084
0.46395972325597157,0.43733360822463097,4.203379637229516,1.959327825302774
1.259440522124206,0.7443448495444853,3.0035928025547753,0.15134293824557754
0.7708104174985714,0.7564792975832774,0.8833702923363346,0.1663120804092768
0.6669448715619137,0.7334346881998798,0.05824847215741624,0.6957807360482191
0.39960489687483824,0.05246816368888618,0.4169835785398367,0.9735737874590593
3.1269342633179167,0.6617893660868501,0.7425263046229582,0.3219416527297845
0.712104359806907,0.2624613040243673,0.31461585779375223,0.019467263233678533
0.8518113623720092,0.5268665586426616,0.2965068096647534,0.6076576259191644
0.6296878453736945,1.1454457236177162,0.8422156866484771,0.44281204148688513
0.7884809406610809,0.3349250493163942,0.17073555987479938,0.9512647919639001
0.03045849297060632,0.4793051954069143,0.14926564276901133,0.11888363077693376
0.4746959993115454,0.07948733062126667,0.10186271312204331,0.574184076636058
2.074707474723071,0.48180517489520847,0.03064747635738574,0.09511790916421836
0.4471539766468856,0.37722679156648553,0.04473360656996961,0.02664087921684999
0.6962512390415132,0.07756390427679472,0.39289248252852615,0.994586740390796
0.6915721633345093,0.5925463093132938,0.7357990997091242,0.25280266372481247
2.07860199799693,0.29946232264835115,0.06820267830937908,0.22302285807671846
0.07994608924760838,0.16441124315638556,0.521847067226233,0.7546805231054217
0.07216043059688315,0.6717882024596527,0.29134251618270296,1.1524414564801682
0.5577106302415873,1.6826493344839208,0.5817239279335633,0.4039700455776128
0.5800792846856079,0.3001380099352027,1.1173687269558645,0.426193378745834
0.5900938620084412,0.9640230059949382,0.18408973652548571,1.2945470000855557
0.9687415243809565,2.016430631948616,0.3160134165962756,0.4663680881677582
1.358909765593172,0.768867163538155,0.3292084136877774,0.6186882371230316
0.35745049388210104,0.9835809257101821,0.5336336514855982,0.9861104014243793
0.1601132384979259,0.8258769243514652,0.05932165451776972,0.9889974347276892
0.10108731511981106,0.9560332383606702,0.7404296504299372,0.5147722379629825
0.8330306756512195,0.8629410952550157,0.5195414951501754,0.5934247017481163
0.9629170035606982,0.9298486997337001,0.24128488233247614,0.2303582399718468
0.7209519090834519,0.13432110379410667,0.7756987993810035,0.673242676222207
1.1277356351671852,2.3508729002202973,0.4556899534079836,0.3940672913563831
0.8044365939496206,0.9117927492063439,0.817735481903163,0.16553887938779954
0.7584954095506256,0.6949273233118767,0.4755898070413115,0.5312861252268959
0.9493533527078888,2.9299241068564172,0.2815837192171714,0.1327737497284771
0.8481230685454216,0.9755127115456734,0.3951983438413549,0.14997792188523917
0.9953128302859268,0.7391339525474676,0.023999720679154457,0.7158267622818998
0.5454317731306202,0.2747754170878227,0.8384044885598289,0.4619831515353362
0.4035961992019803,1.448008697950993,0.06548969364728985,0.07289557083072816
0.7523494425794496,0.9111638414011035,0.7798440554355766,4.4046644102277
0.1312793693164651,0.2513479687310526,0.49366446627509164,0.6995002304079373
0.3884087150614647,0.09530225456348285,4.5266664620650925,2.331022058974374
1.629380808863907,1.6103820296072502,3.2698220453948093,0.01992732452686452
0.548298551195908,0.9674183763455971,0.8782209848705749,0.03503614694214674
0.22408135461555212,0.3789327293869412,0.9329988052523747,0.29139767050521426
1.6700513964367352,0.6051926800047142,1.5035868941428336,4.20429642607507
0.001610950459169036,0.8161034626748503,0.31921326552823437,0.30586838738113764
0.026434086919306377,0.9069579317394902,0.9392631372415439,0.4170061187055989
0.4996128390337272,0.7223454104814531,0.15014932845873596,0.19757874963965782
0.6075529246515986,2.1122595956496593,0.08344378469570624,0.9706058502313195
0.3227381394366591,0.9846030680824298,0.2291106561924361,0.37844900688297234
0.709333245794294,0.560026815800337,0.4220333545795998,0.9211648541253058
0.2429377677537048,0.8048826999085811,0.8512682492963997,0.43470615691740166
2.3482987822655232,0.9188954201369267,0.38839667111831744,0.25143553145676434
0.8482163207041872,0.31759880257091333,0.17784428603974956,0.9484993892394116
0.7862878775635719,0.2779583483754685,0.0695510956776626,0.5959132917229605
0.8822681812325216,0.2528706556026764,0.5321273150090379,0.6886169885444202
0.5586871578394366,0.26672409853392465,0.7931011398587132,0.45663290279029634
0.3349353107055809,0.19389211795778338,0.23115354325625304,0.6986947572861213
0.5886274062550994,0.8923250716217233,0.6353536411854454,0.5260600612864266
0.01011646983972947,0.05841288303957792,0.7431461791904084,0.6915060407064286
0.4596931261366982,0.6486320864485127,2.1122309311940812,0.7569599080447138
0.7066749837291325,0.8759121197364124,1.4606286768043772,0.3404108539672736
0.23378772941228476,0.5160031806684698,0.6653167287528128,1.104298819360755
1.6409947846660946,0.30318394606812626,0.2972526259084804,1.0743080659862494
0.369891535530372,0.09330668681450927,0.7683189953927922,3.907223342756709
0.7648547616673831,0.12766135821691793,1.454140278413664,5.86310440226267
0.9182447162921773,0.9783473105762241,3.258193600619455,8.401538292956987
0.5375721702886638,0.8513273740619816,0.6274100715278664,0.8673051304693021
0.34216663965839134,0.8468323108738716,0.11554763627909703,0.776493282057792
0.7185072838170458,0.6450138128286458,0.8013910343479062,0.3612684211192889
0.8855464178412966,0.12477691329038643,0.15046175617029756,0.10563469730400932
0.6181927228295321,0.8703508158294091,0.5668356168775437,0.6386552513183008
0.9426268436489719,0.6477161024476713,0.4012013221518339,0.35417467022478744
0.9665201820949704,0.5111870532338605,0.25025364317608245,0.3304119094239074
0.7392988529344627,0.5570135711365823,0.30505895637212044,0.4438826163192888
0.6579789509478785,0.2006209661710393,0.4134178941100797,0.6079529978416268
0.08669250561761133,0.14873491748587298,0.564208595331961,0.1568544041697143
0.29128142485375497,0.3469760530384446,0.22349626750029183,0.5478463205048137
0.72648156594846,0.3160540603371741,0.25890957302466366,0.2985313605489647
0.6341003548951005,0.8139357401335613,0.21029450795763105,0.3422631659133477
