0.3607097413540047,0.13698619772527942,0.6512379498100613,0.6010270784475302
0.006459241075937983,0.42230743704922236,0.698487781161689,0.6717808039872827
0.5219503490616402,0.7374434279072909,0.8181729292772263,0.7780562723058417
0.9975317004034965,0.8277045467364937,0.15074574772820393,0.6728302361352904
0.13989449252070485,0.8947979714967537,0.7385494407027292,0.5628677925205806
0.7006407598489587,0.6559693571137424,0.9155719676004038,0.9338867233778961
0.20725416489149584,0.909218473332027,0.16172059578299047,0.3944086272091809
0.7965780432939211,0.025501230054135404,0.7886302288680863,0.7509025763738084
0.6575978004168962,0.6435611782768761,0.6848103536679873,0.8434190562356693
0.9601928472012011,0.37330960748928066,0.7221493508409971,0.19850732124058468
0.9705977241856297,0.8412877157407841,0.2871203107501653,0.4643408622495532
0.6228520560298967,0.8135277865727274,0.9305560990045897,0.7848048748722519
0.4953460700173231,0.32143840252103073,0.03806233456511021,0.8602074791789158
0.27660225710920616,0.23369310463352244,8.408577706069831,0.08128955178178227
0.6263367668893726,0.07320047384658934,3.9930760930368465,0.04401355765210241
0.6314857602305781,0.0306818378070145,1.5176317734527305,0.007246071693177036
0.44488442132345596,0.010193624300601646,0.00782107320930131,0.0024928502232987298
0.706013472737456,0.06646916639233802,0.004262676656183588,0.43176288281778846
0.24869162291164792,0.7396060678369325,0.00700660832288396,0.9695990594405776
0.11727755986482957,0.3402275123048357,0.1502133445271967,2.0347449516439844
0.9048336798402684,0.5433214236454488,0.8471867489562853,0.05053113836765577
0.5429509635823461,0.6471405837439355,0.42554317963423527,0.8361493365998653
0.3907107355995828,0.9040953850451805,0.8007211337784098,0.3176752651074619
0.3075106402916866,0.23836356892725674,0.1678047275536093,0.9275395109920344
0.04211529050591245,0.9231947001003524,0.9679273742806542,0.24808249897152523
0.49484000478915546,0.7642710312782909,0.6311403732594556,0.7945573528392348
0.33246862178271974,0.9872572210978432,0.1445748890089117,0.2522427059532174
0.02263914883208168,0.9620316615326151,0.4010377206746427,0.5681285743280933
0.33552580176525804,0.8254191429824556,0.27645372774641364,0.9755615898804096
0.057937502682305575,0.4815476972201189,0.5863709488365473,0.05818650535436709
0.0684299483504357,0.03921965968191088,0.12089963851654983,0.5291802014107356
2.0347627029123814,0.020642753782096013,0.796263288100849,0.7615063651283196
0.9453673804930898,0.6757905167108657,0.8617291211073291,0.25991804642428806
0.40246613878194126,0.05235235243324965,0.5269768389740238,0.9008284468096817
0.250543628547756,0.09192556593320766,0.7562103565023341,0.3364770524589038
0.5587802883651851,0.37509688848334377,0.3086739857469811,2.4261448506376
0.8120505408254287,0.04010183733898076,0.8983185840615359,0.70201992715928
0.5073295187501327,0.6711422934739402,0.25082172370336087,0.06961924749724224
0.07270709450117108,0.3974262007349066,0.19391761519713402,2.095588750945542
0.5700755209824273,0.057148402602467674,0.3279454793718254,4.394505503083314
0.37557110605208055,0.6998102957874874,0.8299439426463445,0.011285213052090959
0.8168333828314052,0.12871271595479816,3.6203593067721,0.15555989871025977
0.9670255730755006,0.01679660956915544,0.06989184294555018,0.7933956030065612
0.2293577738490924,0.3945677174123309,0.8985395924572213,0.8816420163120703
0.855326517529109,0.4520259021600952,0.3738298852682558,0.6837108606545964
0.04406325904201258,0.5736488388006179,0.09234065106718392,0.465154051653929
1.1556725444438614,0.1693125767466862,0.8183876162775998,0.7523589909701817
0.5374436651491709,0.16181632299824378,0.10683209374562619,0.41910214632866083
0.10149652990685865,0.8754176373622957,0.9692945973453473,0.7707927701487389
1.0011186372948895,0.19461729197349104,0.8519901872108908,0.23898840133491106
0.4815855884649951,0.6304368869313677,0.8764307162888476,0.3029894295516258
0.8203657290469079,0.2036310640118274,0.18148029261967702,0.3203515485277232
0.6636974045955157,0.12814290705914788,0.5467754328129624,0.42161302802376255
0.4595541747159009,0.0034617743979042832,0.47548310226185664,0.8123260515960072
0.3525500490531196,0.005391155113417256,0.05440645733930227,0.48055582141261655
0.4477402978409587,0.01648423549456257,0.8114158350353536,0.6199986320858593
0.5789956930980654,0.02595339612173031,0.6605799719313292,0.033208049835247735
0.038562652054231844,0.770138828753113,0.023977207439482423,0.04027944343985232
0.38211938808138535,0.7762372438175101,0.009519651388942056,0.030109416562024358
0.7985670775096299,0.22208780056856214,0.01986976834239519,0.1922842506564464
0.478298498494003,0.015024634289202816,0.015638933136271342,0.01004835343128166
0.8330794339543383,0.23673580197009425,0.22227204125746125,0.003988646394819904
0.9583013248930727,0.9536836733393228,0.0045506082896103126,0.002203854775121264
0.6287982325178599,0.9162767174339105,0.01254076730439347,0.00714241144928127
0.0075306294953380705,0.368326332627706,0.006362521981080279,0.8441238384633495
0.7163020654568267,0.5396435812501256,0.9616441243011404,0.20199650840213323
0.8496162859499938,0.6027633494019633,0.5459696962747774,0.1352664407294233
0.07526807031164912,0.7877204456867299,0.9061111404240196,0.6834986845818739
0.1255143364356942,0.7639609634352862,0.5394811468953082,0.8083242249371979
0.3507657771134961,0.34887913901271905,0.23685975460479147,0.556478329634049
0.6242546275137408,0.7343558357581662,0.8789688017090631,0.0024901458009525257
0.10897545928252489,0.9494934085909388,0.7050325972577186,0.5846132099912125
0.0452826404217791,0.5652808815411312,0.4012104376085057,0.5677976822063662
0.9926473897797449,0.24778646168151586,0.3147582888380438,0.39068498755052106
0.16519710303767854,2.1101833941456625,0.867310275772017,0.6675042015828588
0.4581909903109226,0.7181389508015971,0.5373434540877899,0.16289556358295199
0.5600055826492848,0.189390393216186,0.9185829786987438,0.28808189761657943
0.14699638713190266,0.21725648634335437,0.5143713152261985,0.23547598906252698
0.02105667864063543,0.1835901314551407,0.4509294218877016,2.1019527426589812
0.7270344707460922,0.18376929839197886,0.40277307464307965,4.405988405666207
0.2868109028645297,0.47516944269220474,0.824135426637579,0.5827886015626117
0.522194596839931,0.07234750195639494,4.405984639900604,0.21923123919868537
0.07742876911648242,0.17521366804359206,2.086022401502058,0.7473557986868107
0.5711713711661307,0.9936700351188011,0.1587304163490627,0.8149383999693386
0.3397274714242857,0.7934154052836514,0.9474126725795459,0.3274017874510964
0.037199736899410196,0.2606229136715149,0.33549691579726537,4.464738305544799
0.35319891382912494,0.1805354246001435,0.9784999440625515,0.5646460954052431
0.06157156129645869,0.21045509976386534,0.7955866010832944,0.08247058003646601
0.9157877406539371,0.4857029916481226,0.2368170799893753,0.8924891255885723
0.66947384424934,1.9607099503554828,0.14781567991156952,0.6615307478431828
0.5578368056378907,0.9815342325696341,0.383970438616947,0.6397389429887264
0.5875207465716938,0.02712965392342992,0.8353148640896381,0.7572691954694264
0.6166507601996877,0.5460857603824126,0.7221530399809714,0.0454698158337391
0.024047091645762242,0.011191771599266133,0.024734131491002564,0.20676992053396737
0.7212850127023221,0.9726226292855715,0.6978488399071361,0.532189516420284
0.792444510948097,0.625635378767174,0.6228567103200483,0.7115129247979215
0.28547592876577155,0.30537055728989293,0.46762609600484606,0.5156937350523061
0.17250974030416333,0.08479773447185857,0.5890035458070507,0.7847019914427263
0.9954922012014019,0.3639191836902903,0.9958324807673419,0.008534228053683313
0.7190099517296675,0.1387817622258174,0.8774087755378843,0.13501744464504084
0.3933889597825866,0.7457934653405933,0.8574473746044238,0.3157454169342375
0.4466305907727032,0.4129164106960447,2.0177283592087867,0.44185514300672896
0.0847566207901721,0.7244727321064446,0.9694655118023204,0.045667602041033845
0.7153735090839787,0.07232673606816176,0.4613635472372125,0.006888053182106616
0.00352582341648202,0.05379340328118587,0.010952720921043298,0.0034251308502395526
0.7161716948801313,0.9832090266292856,0.0042625163346950885,1.812853517110535
0.39439688771746895,0.7568609319395261,0.044473644876251606,3.9805076225311837
0.48432198172557306,0.3382795895359213,0.13600326016627684,8.37573205768066
0.3704408910341823,0.4433830556806615,0.7912296753497472,0.27122297563798436
0.8719397858028252,0.6898991063816529,0.76867211317979,0.2919526287734754
0.48129858721041296,0.5635531782334761,0.6397963286248695,0.5382950985556323
0.4686187613677295,0.3179305227103987,0.7542333149388779,0.32321168228981045
0.8022147130030857,0.5014111567425119,0.5405453202227528,0.8442389180442816
0.6598972418328011,0.3375728247663573,0.2772752829587585,0.4731950854787218
0.23547449709157686,0.6186051011375852,0.07651987036272934,0.3291908230602434
0.1928717120803356,0.8375954794960192,0.09041542365486743,0.15926531847774061
0.8420324588693182,0.3761625268734643,0.11212349390264886,0.059289524405569005
0.9780580930120445,0.005720295786662333,0.24768565911741625,0.3454946316411248
0.5003537369049847,0.7190385084689404,0.8906868469763556,0.7423627798829038
0.47335399246830967,0.6050546366533922,0.07022671287158977,0.9497538288211949
0.01575338234028656,0.4442430225678846,0.23914330495005298,0.039010270654639356
