0.4755396500705753,0.36290263898425723,0.3615154826366943,0.32201700577367653
0.923463772519734,0.9408736274050077,0.8641214455308739,0.14984735527114812
0.7891205599085596,0.5222052383671907,0.3336832162510367,0.023722172796661556
0.6882861743464088,0.4782091914224401,0.04197399933950596,0.9257112986568122
0.9449373433446744,0.7193855135228194,0.6280534889495811,0.6232877305991538
0.14790361508576755,0.8099575343637933,0.26179144587837233,0.36567514824637326
0.20484176801520892,0.944265964394968,0.3127930410617642,0.37277853506132774
0.5672538136043338,0.13697984832226717,0.9547602848191536,0.8377925942689205
0.26133472948868797,0.604142395905806,0.15967865759590094,0.8852027773809207
0.2711844487197932,0.2071262045162774,0.34860659453291043,0.9433783113323626
0.44474058647326564,0.3112641172778763,0.05063476402677025,0.11999321391664897
0.9997810735889241,0.7118756990924576,0.2191795971441558,0.45086723752463276
0.16302472276704194,0.5766001366858874,0.26205621059737394,0.8890005774998195
0.8496094972668226,0.2488488931796703,8.64007633984525,3.771837104474897
0.707168410476979,0.27218249099631187,6.5047367581253,0.048203654022234727
0.7433659897068964,0.2314687919126598,4.517775840564396,0.051725409506784024
0.6238219159989616,1.9113786254882403,0.07572986934657791,0.06646800295652189
0.24921615849568124,0.9000692149161076,0.13210129227135392,1.4207138388033098
0.22115906190768164,0.03575512554213267,0.5011571382621549,1.9411188000033999
0.3042835655426528,0.6473885084218077,1.158749264259019,2.569552134043336
0.401539228332048,0.7473607191961522,0.3931560116226984,0.6073026987045358
0.5480923600077869,0.9567923320289196,0.7003595763724569,0.40858442361942404
0.2867487944882996,0.987219464665428,0.3230414747669983,0.1344741711446138
0.5941837242309452,0.2037312037977571,0.13937411817479461,0.4909994289095173
0.05639570968317276,0.8116445163873967,0.30219483044234663,0.5794924688669746
0.8251126831032705,0.2633992034811711,0.7139453916330469,0.6025832469108531
0.13188981093237528,0.663702593275228,0.6970375121307879,0.313215028129045
0.7217101211400512,2.656814434015329,0.49732254112691365,0.7290758081332074
0.07252882098801017,0.36753604998616196,0.03523812121331982,0.7686788547181147
0.13644100259406045,0.7813351259017939,0.35660407968299124,0.0005561902782037498
0.6891053639146502,0.2079817304221927,0.21002868256471396,0.7329945950884375
2.5667725918909623,1.1427737048535442,0.05544117388045433,0.9293543545743237
0.28999370585220896,0.9592660924749447,0.44841383557987724,0.21359705065256251
0.9764608556973082,0.6945893262831973,0.2205968246338258,0.4489562249379402
0.5623288313723604,0.006001675739244705,0.45549602592967875,0.3422394306413329
0.32959549949292566,0.3452096499665156,4.246373675824006,2.1376058952419124
0.4992657402801035,0.5456589853546076,0.19111979267812684,0.47934282971410325
0.4112947131164387,0.07208644114487783,0.5646103506561783,0.6362313287296626
1.6948519779027995,1.6747194554250049,0.04110979692775674,3.5178946035605847
0.7631530396680255,0.08671358308125043,2.4975215221192895,4.610054994061092
0.5228613370581804,0.7110933910351787,0.8056370758961301,0.3749537426985011
0.01719895443503827,0.3454357619885644,4.609967803528485,1.555238216772911
0.5826764521669363,0.6341138647610932,3.4111490973216747,0.5638901785368122
0.23211535094289582,0.5710493193040624,0.4621087114012272,0.5952012341188085
0.8192030043225476,0.8908128238832693,0.5999857744113846,0.8764519397127222
0.8078521900076073,0.09758448695362831,0.5594482981567526,0.24034073649442422
3.1553080696434535,0.512426330202374,0.9150829712125828,0.24031710480501045
0.9163167586001929,0.16523404706951872,0.11104682569913427,0.9988591092958946
0.17323709133801302,0.3423941339337534,0.593787570913209,0.9675581951471874
2.665072631129897,1.2280757309548938,0.056034068052667196,0.7689378594907164
0.2608520622256224,0.7893776326997665,0.044928185337754,0.519197369485794
0.4591108857332825,0.6297210011327778,0.8320684735924169,0.74124436998677
0.1159728275493237,0.2229878236125833,0.8917917320044342,0.6340534679132848
2.2545960557850555,0.1273384232754299,0.8921575131550352,0.051787767262690965
0.6341048876214878,0.36464210724593116,0.6000282103710739,0.8673757631453403
0.6616095173842522,0.7976635875399368,0.03266585555608781,0.3429795743519033
0.44639320933831905,0.3370356475818276,0.34877399416984944,1.4367403808986536
2.288923400868292,0.16031049425084165,0.34303377894113474,0.28750031841632084
0.14864434207000898,0.0719651792635847,1.490359136619359,0.18792338323817664
0.3602339994684195,0.9906657126991997,0.28008546920204663,1.4573511586310093
2.013926803797743,0.3615409995887018,0.6248941307699167,0.2781730913839013
0.08687149580030018,0.33664817550468595,1.441448099587176,0.3841123035679047
0.8869281620318673,0.7380876419626758,0.5272816348161233,1.810111361066517
0.08264164013617836,2.5772637420994995,0.5791134939098518,0.29611611972835883
0.22051497751269922,0.23830234143281037,1.5938361561931873,0.9909585726399558
0.9854575097911755,0.9051504224287527,0.9895764034675357,0.3857087022844703
0.17153437543714434,0.4748026810676703,0.9029880587188757,0.3407846696181258
0.46674350675334897,2.531246805792693,0.27230925993908583,0.8794907401164114
0.5448585173607104,0.17746264376077603,0.6060702332315371,0.4758480134306422
0.47623594852726725,0.08631614615423555,0.19395920574627412,0.3972465799522966
0.16854962474544488,0.2286544313305131,0.22887344284850408,0.8427388914786849
1.3833993822074906,0.09796896347362763,0.7533016711822181,0.07041331123022665
0.040672983826564924,0.2810295534799443,0.3666476387467289,0.4978538352172662
0.20841532157643905,0.9889370232058866,0.41554670870038435,0.21376389068654145
1.4425607295237586,3.432459650999898,0.4173836174081881,0.692555424541449
0.8758130574986676,0.6290433974612627,0.9618801233687236,0.7069329872674395
0.17686656425627267,0.8158688467176182,0.7568168130572231,0.2200304169816476
0.8692438067844955,0.7873722035141341,0.058211872847726776,0.1558419983239101
0.42086772552387214,0.8257802722078142,0.07835856981028821,3.560965875216947
0.8231391247482556,0.8901470600056489,2.229143816734418,4.7069877807634075
0.11263023824008267,0.4101589885177317,0.9197956549122074,0.5591940474635979
0.7375003218923668,0.12899254695019513,4.70694630680429,1.2451000060678914
0.09283910092421535,0.5467730000802331,3.458460917021965,0.2483463050408924
0.3140433733825303,0.2624984852854788,0.056241446855819,0.3647656724392674
0.16555585298194953,0.2100416504411291,0.09352028303472126,0.9657607810376163
1.579902802161129,0.4691158551298684,2.6953425359265437,4.531405543689667
0.2971203423449963,0.6393414790755227,0.7380679582265912,0.6881794727784873
0.8784523157169615,0.2781451686144698,0.4433119687089001,0.6074233327029334
0.6735669937376915,0.7891545927084662,0.17073394455114832,0.039828346308290574
1.598333986444823,2.548802068369716,0.2590461836714467,0.046758065721164255
0.8883388429094303,0.9564575391595134,0.5248525314188717,0.6937563797019966
0.678612220447632,0.38413876271504854,0.8134250916557894,0.30091413808521295
0.6752132993993407,0.050398179733508575,0.803623877144274,0.8251560722002759
2.429429592759005,0.22426430991035237,0.7980962582760807,0.8618134244898491
0.9961599251763028,0.6797152652491085,0.902624510314041,0.8281558942699725
0.2354096089077563,0.8190400801427832,0.40772280905793645,0.12446205634700458
0.9325058028894643,0.4157884003789494,0.6908849645306135,0.7131775346760317
0.02951733415543567,0.5090160476180872,0.786479537117491,0.3430250866802501
0.005560503411286888,0.9679209048856856,0.07755322693766276,0.11490699408586957
0.7524173468474885,0.63483492808499,0.7481778275862982,0.47030001581034186
0.22573544932095446,0.2925962399558646,0.45634743803633904,0.7428371472190631
0.39741694198900934,0.04958355456151364,2.5529013469711463,0.6654180493031383
0.886909149450515,0.22450874529079223,1.8911812967229946,0.5756862353949274
0.7677359339662501,0.08950299309689624,1.3830550864759228,0.8620341218908556
0.08174986714243682,0.5983723188445016,0.11068735023214674,3.255848634227246
0.7215454685070385,0.7285064161926961,1.105266578895216,4.450875476273255
0.45595890738638944,0.3233144201050073,0.17391864885542974,6.17038232261004
0.7668779471787556,0.3426675415856282,3.66182956840454,8.1743481382259
0.27093877560594004,0.2702417228955226,0.24215019269375548,0.3176868220838668
0.9728703086179761,0.8067974838208958,0.6220664324944057,0.44478916027914395
0.47619949417612395,0.9665150291581157,0.8511640322733702,0.46991627492783916
0.21447156605548579,0.8590893116535987,0.4117304225769931,0.2902334503608083
0.9611213959064205,0.24403351961284758,0.6531820705294674,0.3412757666590719
0.6675092281190896,0.5852716566801692,0.8668563805274283,0.7003155158893151
0.5439947348243175,0.3498127475601549,0.5520683248255334,0.3608666223122631
0.1397100990907335,0.816654549671944,0.268690639574093,0.4892360362537025
0.018609915718898695,0.6569622136659586,0.3354082904468667,0.24103504052053315
0.22503739624560204,0.5245426252016627,0.12826216502736243,0.8893380590179764
0.29812639368237936,0.6928726185667395,0.02676868494837037,0.15108074564596485
0.3482921559324481,0.15009522410570686,0.6296051212005781,0.32618794547754193
0.6846558775069427,0.7949328542462846,0.4352738574103946,0.646880012683164
