0.2782695158313745,0.729154016205172,0.14408533653164968,0.7183288860883121
0.6945210829817364,0.5789300543382079,0.08016343975705809,0.0856420390257876
0.746207609675781,0.44338983174201374,0.4115869008657911,0.0487219182578329
0.19390609746092435,0.05602675938867052,0.25821813416015593,0.192935245997634
0.05975844699316657,0.5271604338617294,0.4065216393189388,0.4395724017158116
0.5982182770885937,0.9867962136879709,0.737774788315779,0.30368208477335024
0.6756148376325508,0.0014851244330528202,0.8621885563624719,0.4576697726107397
0.18641803747855945,0.3247138609394241,0.33537033959835905,0.29637761876584745
0.9443591065360544,0.9430861867997664,0.9978548752020344,0.5460163585983434
0.755874602402736,0.4320623623071478,0.07142487272845921,0.5225643975209807
0.7225075395880697,0.17396913847296513,0.23104932359570418,0.3177446931465955
0.2949679651747078,0.23454432302874928,0.8242645459533778,0.9898598113466127
0.08520237676173359,0.0029078278392411505,0.7557704881804592,0.344454699236721
0.05103711441747749,0.6916364989803513,7.076653225901487,0.09433858487057437
0.5446167683273957,0.33250273593265334,0.8249875185540043,0.03180212083575567
0.4176061563448603,0.4907619716179299,0.02816787634774986,0.02695766289414686
0.15034970750982501,0.031928396052309856,0.025709569189829345,0.03457345914525037
0.975594286681154,0.08401921036307858,0.028921894573611627,0.0611665222389807
0.9110601568280738,0.714544670303491,0.11759703395628718,0.36738008867359184
0.9437063388023356,0.42294633115149405,0.17813185228250156,2.1177769530581196
0.25225342793486394,0.8973684695632612,0.7653424683418769,0.9897742228035641
0.23184728143222377,0.2991530425547786,0.5277722512925059,0.2700156749902244
0.9666404144242028,0.5631236545971177,0.7792890090922238,0.4578972524442384
0.9224964439299643,0.3138008550595742,0.8702382871380547,0.3654975657544278
0.10604765046146947,0.834311099351086,0.3707124231878518,0.10964947236447442
0.631515112247112,0.7147560343962475,0.5399003768966631,0.11137882832876433
0.607002819394145,0.36251467323364217,0.3088266765997182,0.04592958310248241
0.06224271645881292,0.1143996234394654,0.824044632121762,0.8182308074887302
0.4699970466560519,0.3445871730517711,0.9239065157505207,0.1326152036382391
0.8047988867142473,0.08784487122984119,0.49954583502815975,0.2127883731143727
0.9674240782001357,0.2010924205215452,0.045245719121128736,0.6688159308229938
1.149069715013288,0.5051293715433888,0.19730047969241482,0.46035239496883196
0.35271415648801074,0.3289266155496484,0.5239178547754743,0.7698592941485185
0.2146228952240501,0.09181092155184067,0.015971716319132967,0.754292009992589
0.5658264526115929,0.20847202211187266,0.3365719046590461,0.9228404657956915
0.5704474564604604,0.2131835159569057,0.23406040443242448,2.032336209297309
0.3954021652541112,0.2422776373933172,0.19495142795780962,0.8656584805434812
0.7605678391649603,0.2813497882697792,0.8309740976778544,0.4092720849996172
0.051917698426395875,0.0585922494339724,0.6500860257976389,0.8070439251467267
0.5547076351793819,0.06372881416884424,0.2015644505776304,4.156029469405535
0.3161349654248037,0.29814873076912174,0.7804336014685794,0.2620203966938959
0.20880013900053818,0.5559959556688953,4.141940690513383,0.1277023060640328
0.3906659976395447,0.28161011667064495,0.8133802863884754,0.14901131988283922
0.95258304128816,0.6970329029283022,0.8896943791731851,0.3724713658376311
0.4115847979966021,0.3327798614906129,0.15659381697678154,0.7569128248945093
0.8475398659678318,0.8733231770381232,0.6517084672306184,0.5432276704491789
0.38944113552237547,0.05961012051008981,0.8499526927707346,0.512758160608846
0.32351350861829575,0.2176403641395609,0.3499493417993854,0.9637073126893149
0.9622577351227416,0.7404679368663207,0.47549589453440877,0.6284015189776291
0.15046954661175688,0.04605029006696203,0.4567638402051224,0.5869283195244251
0.8014028508144632,0.5419598564415,0.1737815186408812,0.1493231910520979
0.1390770305195106,0.6449765343693064,0.8767144737011854,0.9980276990311205
0.8937956064803627,0.30755495289641277,0.8808290056599548,0.7725750122600538
0.14448671598070428,0.10600573329325387,0.836037882265312,0.4670434239686272
0.09225673021183467,0.2350528657851486,0.28351133192788724,0.3762065755382915
0.9971647272173636,0.42499281216396223,0.24347608650507058,0.7747311084019708
0.49097827625801593,0.04035124415878148,0.4636472032093334,0.03173526171398866
0.06254374074573163,0.7185270341227231,0.02965332571277248,0.03825303792984328
0.412072140887937,0.8601284164495057,0.01961280131049478,0.024998288465516227
0.522453116197942,0.7977113238619141,0.019969018777800752,0.013642025047800382
0.033539672236043566,0.02858274070536422,0.026333948537750403,0.02731058706150403
0.5315890685489311,0.14362918273094527,0.017933742880196127,0.013633373027621676
0.5355385436073956,0.08750671006660626,0.014044657814429484,0.014001926215648046
0.47876152947824435,0.07250904366723712,0.020598746668539555,0.026061962490005933
0.05019119784722126,0.7482408981723455,0.03563360245806158,0.5256503455861984
0.7322332897772371,0.08801631798530352,0.6043022865222527,0.9531015019005675
0.18979669176606506,0.595058239277638,0.19510755537452718,0.052194200914763234
0.07282496332143862,0.15066275034996,0.018638281394453893,0.8181956152239509
0.7153068858172542,0.4614254397037144,0.42686453692493875,0.5646838428934099
0.7342774770931954,0.5416637962873989,0.6763322769535827,0.6943441180832928
0.07876112502515253,0.9304716993303482,0.5781663107461521,0.7506501774248494
0.05399734733301781,0.11508636575333073,0.139056827348518,0.1385833075078018
0.23878783612714916,0.77791530275666,0.6995976103018025,0.7465012962320636
0.7948256549498975,0.6805032240057123,0.28149525076399184,0.3720773270028639
0.2961803345526195,0.39189096573886484,0.764432041708716,0.18534835512514114
0.096738287147079,0.22196341374197892,0.5907935094420792,0.5951762147593157
0.5953622234464913,0.33712321686490576,0.016543854761919996,0.13309642466814398
0.9985990420001796,0.8135438186047272,0.8588300258429429,0.900046250885773
0.13008319698065118,0.005331504020924305,0.5744066763385619,0.8110892118949945
0.6627733910566957,0.5717505190984263,0.207743179169264,4.1198397744915525
0.34930845132938215,0.9160363873690787,0.0077510981076258645,0.6166414588094693
0.6183728626032615,0.5372602035097209,4.1228844573558,0.2158601641582293
0.08551933153606918,0.11251184331132733,0.8138380346425051,0.7598621811105021
0.8440274121131086,0.16586362997261017,0.1537365756561977,0.016789905085406454
0.5424873788109057,0.2790021771099749,0.04612516094153851,0.14939729990137918
0.4876693997852768,0.4130016246120477,2.0191272612928275,0.12825967032876906
0.12607524383596613,0.6043906588979167,0.28873121643399313,0.49991087647328314
0.1483893812968622,0.5388940701796885,0.6316906704184373,0.6072167720854672
0.9570114433885126,0.30460909653578205,0.801416112049317,0.8027817596969972
0.06051556797137403,1.8647451883060961,0.09004246660394555,0.49089988549175545
0.10090084426535806,0.9090436148196737,0.22024062027138003,0.5331610349952944
0.1154704011420511,0.8674042806244098,0.5747429514867951,0.050219886411261405
0.4796043736572586,0.6108583158185942,0.777481108866069,0.7876550387225191
0.10370310421478722,0.04460877037002654,0.4274180374226285,0.9206487763398177
0.6841686651680148,0.8969629245003424,0.5604664057144862,0.1388004992601427
0.7850995973894688,0.7224652001917238,0.01574934935541694,0.9765924896744689
0.5568917502952289,0.9870812708094048,0.8106066611597306,0.06678556472334563
0.8319820416151998,0.8589798764603027,0.0740555981686778,0.7856896465772074
0.7232396050127242,0.35766181416105713,0.4688885430913865,0.5589363190728355
0.5016349705949579,0.7399384858353092,0.2997359826424262,0.09413326224601926
0.1935802722373693,0.8528647841778931,0.3347001660837179,0.35918427531977426
0.3913665544265744,0.5065420854496868,2.0717544869055606,0.3772720528724464
0.7776200008859413,0.08651812590780172,0.4134391042883796,0.14708811686832043
0.2591579648499662,0.6505871525544942,0.08016691872951248,0.056440022503295245
0.025225061053782312,0.40216319388755195,0.039414274634697086,0.030692166475518007
0.21343095797429434,0.20410758621126068,0.02922273457070058,0.040581067401261404
0.2916640450298842,0.706485697781804,0.07974389644975098,1.5351835400690936
0.2576314216478295,0.8831262269721899,0.19701838217173215,8.037453420484297
0.05013719827597429,0.03394149734419594,0.20629990093028805,0.2761370361659151
0.5804720713156402,0.4825738325342125,0.15074316943118604,0.1556938158599115
0.41343100763107776,0.14190003000914275,0.5061258214912715,0.540344769409461
0.6283050917239634,0.8286283673083961,0.5042193560088789,0.18096233060506361
0.27360189136084956,0.23350869959740772,0.6373848333197704,0.5518215991542786
0.3540131314429581,0.1077730146199416,0.1558637382190643,0.5257574913328409
0.3436786654434424,0.29173338455151554,0.6704379649767945,0.6171302157041527
0.15568330599620095,0.23496174386427993,0.5524406270343711,0.5053963120611753
0.5750318862234208,0.6071396638033457,0.6177026124003819,0.5904596513713367
0.8826461514333273,0.34472068526126254,0.21601998335624062,0.15330072820734397
0.016145082196223903,0.6826381225852569,0.6146039095054705,0.06360638223072079
0.036395341619191224,0.04245877194765191,0.05449521115076372,0.796441286460669
0.12942919086946203,0.6186370470146554,0.4131842656553544,0.6704491260539523
