0.2813582128776908,0.6035480842462924,0.569829998873946,0.6010292723466996
0.07889683946503845,0.8205156043899865,0.4525628478278624,0.14154826750980565
0.3430943274930134,0.23141783552523387,0.5928629332393313,0.4848305053472096
0.06856355800913394,0.6608503063468016,0.5804576987981316,0.39621613004618106
0.8149841260062942,0.1403545296370453,0.9793925049855923,0.2112664662020337
0.6329309116207821,0.44569632790694924,0.8946363520016458,0.3399114592997884
0.7350870885530334,0.756699073993902,0.8144069015810432,0.3718643143561772
0.8596122259852409,0.2606024606536288,0.8658953572360271,0.11966368471718003
0.9575448624130698,0.804416273014994,0.46035274695212713,0.9448005584714485
0.14575476864645753,0.985924392259175,0.6015640043438539,0.4176397087749574
0.4745289130536835,0.6865205825737414,0.3008810876526925,0.6005730876000424
0.4683990410020876,0.6749708263331258,0.15088162741026134,0.975506641703704
0.9137128941903533,0.6234904465276426,0.5147699655221027,0.2327431977092399
0.40916911305913406,0.7544444319107202,8.186192976654866,2.45810416898127
0.12079161722881604,0.22354291244939717,6.502146756570061,1.8379695593375844
0.7581374563114442,0.5574983215310075,3.959852757670012,0.8832849152363174
0.9789243477351838,0.437380855310149,3.4858410504111306,1.0721648590730126
0.6536870985716593,0.09036375531022134,0.5756343392621747,1.5425043646006333
0.9086199517469925,0.5147267367546965,0.7674008982195363,2.0292608765344236
0.06731966518289056,0.11438598574404135,1.2352981058425925,2.536963813677197
0.5507195416514343,0.6712139602984127,0.4972954813420182,0.5966256234408845
0.5976238194928403,0.21302399450673626,0.717020796067555,0.9542524759633151
0.05154776973723729,0.3671180598888176,0.24353971090291926,0.5549390917819164
0.5072887652426094,0.9211285399193537,0.24889130351975897,0.2708055849724671
0.3946643556831886,0.6395884967431897,0.6088752463990481,0.05664430709108925
0.7015240169424393,0.6649598850574995,0.8958701441094977,0.5881338735848395
0.03420972849475834,0.0323700219291998,0.6847970639791642,0.8498178943161027
1.952017957136101,0.5287186349217503,0.9743251769500134,0.6658747201194709
0.02140968717685343,0.5661910731023865,0.11750234374456892,0.5853111044255378
0.783215691617685,0.30827014950592146,0.6802664772612789,0.34660711427981716
0.7530521539494817,0.3363548367085537,0.6979957142678361,0.3011423947064499
2.509138962913003,1.1260589737025168,0.5327301292090282,0.6284557971063106
0.130599693869206,0.7469230589928225,0.9628937161840881,0.07747918337995163
0.5659303069828264,0.6010937033186153,0.2731296969103185,0.34656314693566026
0.16507653778346454,0.5080533719609672,0.2243942634300199,0.05951946796257723
0.9898420476130884,0.5448272070417388,4.031381925692956,0.5200412741182769
0.86785862370677,0.11339246526297486,0.14551021969160716,0.03346366838264869
0.09495708962695848,0.5475512504858614,0.16802705565240894,0.12380225283329072
0.5859422835434778,0.7480187314629041,0.918844465070211,3.646758560574658
0.10271900213836482,0.8953349204705766,2.0066175172246763,4.571720033305498
0.3373597390236833,0.8117190425252058,0.7146737228138278,0.002501717360736677
0.04318974336853232,0.9160035476917014,0.22824932006130016,1.4338672322439647
2.0295223920173484,0.9550110608828304,0.8670643487738597,0.31624950998969137
0.6411131456544538,0.2803821980690606,0.524290669966678,0.28935334452193195
0.9185943090572517,0.39483020034257765,0.11556767603886042,0.9679879391371118
0.4639381589794044,0.1336809317096781,0.5243861264934879,0.9170200668495292
1.2708697790452321,1.2804171662730428,0.38704087592217373,0.9742917159723292
0.2045898361133589,0.8359668356069646,0.5523129172580629,0.055509689825894326
0.4017095468905999,0.530476476036363,0.9717244512511167,0.17178918038986613
2.6249267666812486,0.7672400742951376,0.5745356983830137,0.5864112145453406
0.19856240571028572,0.50115428885235,0.06638352530264713,0.30987047488748476
0.7720504341144669,0.3235607504240149,0.7164517540151283,0.4344027917354665
0.14892420098427006,0.7547916308144783,0.29600431473983446,0.27735145771920966
1.6025733058204032,0.6962994272222857,0.030266986959081477,0.3820707124543381
0.21848014461647747,0.6901162326614262,0.8278147869252652,0.2882956277646809
0.6962458669625695,0.5908752764950163,0.7866679594542745,0.35819334824088533
0.40984675965018746,2.0019376784882734,0.4634332141694488,0.9785163358323478
0.41645009119841403,0.8883070406262851,1.6402147373019562,0.3481783817749841
0.839267085663999,0.08740584470647328,0.48928165364138293,1.09012436064688
0.5703170675960562,0.868067560338591,0.35350517770309264,1.6316990793440216
2.1113620644493993,0.6096644308061516,0.24628415015633817,0.3745703669041111
0.19706154144114263,0.10183910010549246,0.09216703159947204,1.190922421169871
0.15853992736748201,0.04866654470962051,0.3188761546389718,1.8708851005197062
0.7043134662127142,2.5348202602574723,0.5845452191931075,0.9295624516396143
1.2296676560854158,0.9226608448494353,0.4675422844830933,0.6847832344635708
0.600050530765669,0.8160577179475534,0.9392378744393989,0.5494787232967288
0.3833274813035522,0.9097047854423487,0.9906828451301348,0.5730895493876097
0.7761658491223258,2.4909333754817515,0.8076914389549856,0.22877895606700827
0.5191366701754215,0.5675850069845111,0.9111763410022228,0.06543084856990489
0.34177134150105026,0.8809508487206714,0.14165984785261176,0.2502591133542972
0.41989186483777907,0.38094093903689497,0.185968237271672,0.5823193534659972
0.6194394290979655,2.8223704585876583,0.0926364803431946,0.937518920695185
0.7099712933640459,0.8513035862700502,0.3083337063253254,0.19787751297948164
0.29293716925010505,0.2997877082653517,0.5532464996800813,0.884999083762054
0.6680239063752141,3.406705186446461,0.08720076212477779,0.5598157772693803
0.35769347666976914,0.32593559175361864,0.09874926409021512,0.15879156403819839
0.5726908927291952,0.5666657341439258,0.0439756311510231,0.1879764652220436
0.10716659261950745,0.6295540533706006,0.043195318800255844,0.27804377097173116
1.2682774929153198,1.490355450025793,0.7717109573132683,3.6912921877469036
0.9462188790158275,0.14226629463147045,2.0411593746066266,4.544823755949229
0.801169006250376,0.2984703783709941,0.23508849707461021,0.8022591388780927
0.2621781323840837,0.24006609353530395,4.640164251781758,1.0505142502250413
0.07106421388935681,0.2994037862687278,3.6915255290446467,0.36440577617842673
0.4698796078478995,0.8852447060883954,0.7464713036538002,0.7285232351488478
0.3440887405898271,0.9695311843151875,0.65250828019319,0.8045805734363212
0.8572371343128931,0.015897704613336727,1.3510512389979172,4.403597962188477
0.7149550460779616,0.506470318623073,0.5044974795191229,0.335756011944661
0.4007693972995865,0.2774421189011338,0.5294513406048263,0.5806419941490572
0.05771196792918509,0.4463971170530162,0.0992837607910253,0.724650093371095
2.7544249821903533,1.161255147690844,0.36732522043430227,0.4857049947616995
0.0370671028491143,0.17795165131453827,0.3757872699920646,0.11735640271938264
0.5249504993095123,0.07358149985310858,0.7413045492915038,0.21632876037578763
0.3120262501234293,0.8870604457013799,0.13104859387073975,0.5031155972411612
1.1323423559731212,2.74925903298503,0.8476285115923903,0.31655814227744994
0.2585049634578481,0.7532129888074157,0.9104346382968087,0.9590369334309331
0.22910595785760113,0.8423922533987744,0.28509750051088667,0.49844446960989364
0.603415150207139,0.329440798881938,0.019425847887109104,7.717262087769683e-05
0.14528158900515653,0.14904408300362604,0.7393694057496302,0.8314905899446091
0.0122567905128812,0.5630558366215831,0.5197740561168605,0.6667451610620552
0.5860508102337485,0.13156734574280615,0.6581813858047949,0.8077579509910411
0.1979530073605169,0.5092245751495297,0.7136709903358023,0.4927220311047493
0.38480278265097656,0.8417165922005257,2.3907126394547387,0.5454069381585724
0.025407560654651773,0.7453384029806057,1.9063034027352734,0.4524189452724694
0.197330297085619,0.6655765869630142,1.3597830252309528,0.33240372688781405
0.5138231980587047,0.42823964903729916,0.346018947358474,3.8190941489143393
0.14405519631620245,0.052929752301406285,1.4212594861802008,4.491724261176811
0.20112340487292935,0.5640996872347765,2.239640908144933,6.640831152922132
0.0036047533265471943,0.6894614395062763,3.688017261678585,8.32351603456381
0.09349048644771818,0.5186770968929975,0.40439504324209663,0.8427701749341099
0.165181074761504,0.3321697009150205,0.5863443744355258,0.11220840989097469
0.796291406651316,0.4901918083409901,0.024980115475552234,0.8173587871562581
0.8027216981740903,0.15801461830265762,0.4074131177308421,0.13907975971747777
0.3952696950157286,0.22818725095164616,0.4341516928345759,0.7396612374024919
0.7409039650455878,0.03276089814211136,0.3383232952344519,0.3141309589195397
0.418642517079159,0.21656517960832744,0.9950538808968673,0.3147988493193121
0.824278711372924,0.46359301724794677,0.30964254519011347,0.41834115592626375
0.3509665124289325,0.4962470732636495,0.4901423006718326,0.5141710631573474
0.42797078163062063,0.38788015833141476,0.7088479170194572,0.39309319086528294
0.7059755649784613,0.767223171985673,0.8132301082223988,0.22902150387938525
0.531869888497543,0.7293015725673992,0.7199731207185516,0.5095600718060647
0.6371246239721746,0.5446801047148975,0.2279927815180186,0.6792214024275793
