0.27423717941663295,0.959160337166864,0.33021125166091114,0.04646644652711218
0.7191633191255347,0.2063761503701409,0.8433264253607138,0.5286491143607062
0.6769084923000592,0.27494819284937366,0.8363897310150458,0.44220468792142087
0.3621672338866966,0.0493023995249775,0.41453961756747604,0.24928544575099754
0.691386691190679,0.9481532201362869,0.8685408213418051,0.7174513636071915
0.27672069079729766,0.7828986397480149,0.7288625673674446,0.03939046252827505
0.7371072856324576,0.453707356228608,0.6471135304883228,0.6005873514926315
0.06193299355332893,0.737054003250604,0.3090695078308955,0.06725173786860528
0.39238852813579805,0.29556960163886925,0.8156785186296102,0.30812463138885726
0.18176619311456055,0.9945099098282755,0.3338575475520028,0.3568109821581522
0.3341357849447044,0.9613672336845476,0.5492766245344315,0.8819215051377378
0.8910795341043491,0.40192492924190226,0.7955840444744658,0.8971704219051062
0.26168427963019203,0.07503457921905532,0.6255107286642649,0.5972194884851865
0.4542550891989072,0.600452891743442,8.119443897697035,0.18530127851778372
0.37877262266709366,0.9593311081294139,1.4229906162668633,0.06530012105869176
0.20323566553326877,0.9833533529312625,0.280907331983926,0.013331781832033245
0.18551641295871557,0.033439445931120526,0.06324513447109542,0.027486516766289826
0.16821757009664207,0.19021053845413038,0.03941897318680215,0.08248229891132805
0.12943030614260387,0.9776579719578733,0.0753645321918523,0.4129158947617404
0.5243703186497666,0.7960158599639245,0.07380478052245415,2.0645804085750523
0.4046087746723228,0.07210024263088344,0.32290204287526403,0.39104101614060227
0.6537248034317067,0.7168589662853276,0.19531561459637203,0.25267351513888614
0.683049236675484,0.834626282005301,0.3727209066646735,0.7192746151236934
0.41709479509256175,0.686897707530514,0.2674234315515124,0.750458589339635
0.7656798159174584,0.6852888707260422,0.9664984399134973,0.7904513938069592
0.0829113841129997,0.3948334982995868,0.9283600229044866,0.5465156031086373
0.7023095153722253,0.9086917514534966,0.4651024367317853,0.2404340338951415
0.08460391717075244,0.16280317412490192,0.675930869482376,0.02764978315354094
0.6493603217289562,0.2868401779190929,0.3707268952859103,0.7916792712479555
0.6531053304053509,0.5234783916606482,0.8277504293428495,0.4260890398294689
0.021397479783762607,0.20815074415954782,0.7164957115328783,0.9713056746368702
2.0645804082013273,0.12518492644055834,0.5570019278914606,0.9903474586481508
0.7141114909635135,0.3545953630490567,0.25336306132884334,0.11419233995983957
0.022936977141084558,0.6368436897723534,0.4491547337568489,0.8114317130123752
0.04002827642471685,0.8093460002220755,0.5619450204706541,0.44832056506607987
0.17223869755122423,0.0835790431626166,4.089664113013216,2.096032898463097
0.26494403884940343,0.3310155109169133,0.48016449231550373,0.5582858262612583
0.7617787877170481,0.5130385261758823,0.5455491186818554,0.38135746624589095
0.043180845149440664,0.10072380745877925,0.011987327104508672,0.8141615925973357
0.35301780961936824,0.45648622309915443,0.10389309326700098,4.070810529442449
0.10377837794379308,0.6478358195870066,0.22037042184123323,0.3540529181275751
0.6486193218038233,0.9080646573954587,4.07081055812449,0.0943581970784551
0.23024877846500494,0.03335068157155549,0.8141616364392981,0.3315664688571527
0.09189652422491956,0.7549094736779693,0.2741474316964996,0.5292407748682441
0.8670850394120301,0.9245468228029969,0.7945232554474446,0.3322030659015768
0.09660332941221506,0.07633702812012977,0.8506750437454556,0.14488617775515278
0.8179312944337391,0.029678686556837024,0.9987039040670106,0.8161989228829446
0.8426088041340921,0.0062634319965364504,0.08409651829424325,0.9151010351753041
0.45709906094598285,0.02930611318591081,0.24677503063398898,0.3658497532894832
0.1626733851091211,0.007324977158865141,0.4830626042881897,0.8227847401948323
0.4778896380821719,0.37337197672807554,0.2994505993751405,0.9452844990952963
0.05920399249646835,0.022979958682715962,0.31448054382420676,0.9853246543671828
0.18043381822215998,0.5998830823361675,0.04032531844660636,0.613504180379317
0.1628300352322662,0.057894279510598966,0.6545256200227381,0.22730420583035027
0.766735207656857,0.10496303064515577,0.5646091064105209,0.7253327115923511
0.43947338644896594,0.37688674310648396,0.6719652494073458,0.6516565872710252
0.7445687883158868,0.01980625974402178,0.8379037037583341,0.032284269089273634
0.16357831155006214,0.6983436050810636,0.011404460782595558,0.05233420179588022
0.81525965814127,0.29703007254114777,0.032552363621978705,0.01664060851136403
0.23285020891587926,0.0857681190812094,0.006406899354309346,0.0055784725123106255
0.016715891197259008,0.03346008338434818,0.01900304853906589,0.012058048137801529
0.615184443058133,0.5268574610395438,0.006682488154967576,0.006136264712819051
0.6397571459677697,0.7041138138521106,0.007359655868769315,0.02628734109323392
0.3773649498302518,0.16206398254291543,0.011954662854717092,0.030778203069817666
0.03251526938257292,0.09852407357326631,0.02950230072307783,0.8654490759777635
0.5470780062469491,0.8105945075006757,0.8587624782676391,0.5112867628094568
0.816894279011732,0.16760891463633876,0.6011556666144318,0.20284407483867806
0.01499108958763411,0.15331115097442619,0.8922983194736495,0.5815358209021435
0.4119717012928168,0.7484231845142961,0.23015159836941534,0.3966262000937384
0.2050032924317574,0.4503712963964912,0.1824944190775375,0.4266950321875054
0.9022907134030885,0.32531604641978595,0.5461662239856158,0.18201071967093407
0.026908392363318576,0.08630108357038593,0.4679931020688627,0.2121975504652608
0.82326679742521,0.8166265437499526,0.9626895481520301,0.4467235710318259
0.5794759637128394,0.4233160669637732,0.6182559814082009,0.648688497766336
0.038488834159028484,0.8150674380057599,0.4381826814138162,0.7046486564694368
0.9938040921424878,0.3099172047770241,0.7054977030651103,0.7681350570772956
0.23656760315613323,0.9375784000409317,0.8308388168509901,0.08402810381300996
0.9840259604528514,0.8207156096789088,0.729668266699268,0.17040492414155173
0.19533054987398815,0.4111442651563335,0.5980989629217264,0.8367683832980195
0.9475862994621082,0.7910354306241084,0.3042199358894351,4.187429703988762
0.8087198444903414,0.9335077355924802,0.41919594775053637,0.9371485218733369
0.43992088094941584,0.017491648304899132,4.187379122296791,0.08701755415292678
0.03521746164542426,0.02620556203193454,0.8372431333172807,0.1000581625235255
0.9227774996250045,0.42152469476170196,0.058272085162349274,0.8023019965623645
0.7608566729761228,0.7427482069918399,0.8752637234242534,0.3587668999720448
0.10026958991117281,0.7889707933661704,1.589962284326851,4.075469099650938
0.15358452005141432,0.408673702823639,0.37734549825469543,0.92643277474941
0.8827090693636269,0.23566540403695235,0.5776965129474704,0.8360924258149598
0.4970769434994431,0.6770461666876408,0.6996019164215597,0.7318594058776821
0.12673067881522543,2.0609400916001963,0.5091621295855812,0.6671722835099624
0.3210410416855588,0.9796714108060357,0.4906465426598118,0.6605220357539554
0.4881917852092539,0.5925645780213725,0.047177751739335805,0.873837832577409
0.43188243289417183,0.32714831248305287,0.5653955471401163,0.1150738187790461
0.14716186203041204,0.026432149963992128,0.9744764480678613,0.7172099164363013
0.22084800652768766,0.06893127633616514,0.7906482873531209,0.3171321587939777
0.017372422285713784,0.41777625880488567,0.24144095850373182,0.10543469035967978
0.7709781000182073,0.03993465016914399,0.9212596348157106,0.6393283198874373
0.10596494162580983,0.716167299804285,0.06243917978223923,0.5394708057489641
0.720495188539843,0.2003766521937409,0.6476886039143552,0.3003468441158179
0.7040809220722285,0.038538436465906156,0.9732092320283502,0.016958959836649523
0.30470047459100214,0.5194001401230135,0.3176300631889747,0.16553329761680258
0.6085583537494518,0.5323013404701156,2.060939670213478,0.04715503635197994
0.8753886016208705,0.20180704773112168,0.41217204931270723,0.041270917448848754
0.18422769097351754,0.40102991103844354,0.08213831513682698,0.01866116003192657
0.021403769596247322,0.9999420223032695,0.02511292899481665,0.05713172825365863
0.3720498113567039,0.4297145559857388,0.00809786426776063,0.2984257799738023
0.6233908240489114,0.7579513502879547,0.07955671065540347,1.5815305827843682
0.8594048419935157,0.39182541856723296,0.20173248007856648,8.170664096096733
0.5943851579558158,0.9378920492029642,0.8533204804836632,0.8148411949109605
0.9074008334346627,0.7022218086389622,0.813346202358736,0.7139319148534866
0.6495152843867084,0.9420002303415546,0.8968555760900925,0.5169092099234662
0.40841195596015245,0.7839595990062136,0.24405488368029438,0.5918141300528613
0.3308657081490173,0.7342175651159605,0.6227586246025966,0.8003535608102628
0.6604221797940335,0.9346033515897001,0.7299926225335278,0.7199878845385506
0.3650649747578213,0.14988703616361787,0.22497850785373896,0.8558454803089828
0.13847193531369428,0.5971589620709234,0.8351766513031719,0.8441368817569681
0.13008195948236345,0.6440418239508037,0.8431581260623218,0.5879558322878182
0.44600479030645,0.16127976546719458,0.6364961693885987,0.2187717138987313
0.040056753067875595,0.4456621159655927,0.545386666466936,0.9500491228918213
0.2485151792464373,0.8514392633901365,0.3797304667074539,0.5492002123666019
0.20578099222704826,0.38913105989860797,0.4621654898406288,0.12141269706895896
