0.40511489277172397,0.9441648632838068,0.6892269023324553,0.5257931900560833
0.5988589848554922,0.3723928101603782,0.40895187087303286,0.11314396426166906
0.05614747535455411,0.5550281805434996,0.11481952340647261,0.6984866861496312
0.13960266124852572,0.6117869826764468,0.9236912154016959,0.7204268667037185
0.38787899096685285,0.338334913797137,0.22642263549549346,0.3229742557093582
0.33647894320522165,0.47974545829309234,0.31155483644555004,0.6842439460648595
0.7413888342797839,0.4758295531293496,0.6258319842706949,0.3684987771781427
0.382675096735677,0.09413520320110347,0.15391321450900297,0.1388979048732697
0.5623097359106966,0.17630032512285088,0.4555253951286361,0.42568069244828555
0.3980151949213808,0.16288670312737397,0.03833466729189061,0.26469675716709873
0.8405822329854532,0.6621488819047913,0.5211328299571397,0.20608546539872685
0.0738687071232842,0.21011527323898904,0.5592823411087222,0.8206794900533537
0.8696119428248849,0.3659459206308504,0.6756378805144104,0.4851613306939895
0.9015408366268799,0.5835562639325464,8.38687007770597,0.7448524668237497
0.9606546688307372,0.7684002177529794,6.496981707113413,0.8773380220958822
0.40975073371273396,0.9056547032462868,0.12315759346959954,1.7188115888866635
0.9234213504518495,2.140807371892089,0.5406609504188492,0.45461506857487644
0.29056262722277604,0.33858868349795823,1.5141745654409766,0.6804933860452091
0.9817179895087736,0.1992523514277258,1.1274457416342027,0.2737988130588718
0.4342727188570803,0.1719095450451602,1.0007746079408815,0.30447810664674524
0.19476651256335764,0.2741296419330581,0.7067429876825805,0.5231284012232548
0.3220097519969789,0.570837522908785,0.6171039000940228,0.9140732506465533
0.5671065095610458,0.46915100022889433,0.9409364140314403,0.9790721863790782
0.20566512632862322,0.8249572125048823,0.42262963813346277,0.7182887464525796
0.7589709716528414,0.38355263061942757,0.6968924696014765,0.2516717079311809
0.15539823762614102,0.6082585920341662,0.26566651430424193,0.8183986208329924
0.6335840921958172,0.12405114404893602,0.24632749223622208,0.21081189885684248
0.6931378204683807,2.604619108644756,0.4197707470230505,0.4494665468058555
0.14078557686035997,0.5753849743014535,0.7386656598874741,0.35755191467537284
0.21565904903374156,0.709728300724953,0.08577412688636799,0.9773146133859983
0.23975639137383187,0.30594825941099424,0.5079196628990612,0.30774737785684536
2.560407269097188,1.3625989611632776,0.4331465622933498,0.2237813483623471
0.9674290533728088,0.06351962705465408,0.2301588838302563,0.8164193765294714
0.36087642337784076,0.8361667279648963,0.2054435892676716,0.2751484123857493
0.4164225741410609,0.21727115096284355,0.8120886909261308,0.6836324511042062
0.1964650763878344,0.8003712419236702,0.12058910150842961,2.02642393510505
0.006183344467228347,0.6172413502586421,0.03302991889711271,0.2159360113705704
0.6180492920455581,0.3509412856589086,0.7330241245255347,0.43159872658574183
1.3144240785097174,1.534856439650005,0.9555728386984703,3.2506164296103064
0.13125179167151224,0.8400013916236725,2.2252522750565173,4.316429035029928
0.0424538231859134,0.6327034507426541,0.2938009868492114,0.3955396749947363
0.791627763665699,0.9460358496927547,4.316431739530585,1.9317468123428503
0.9432420985572005,0.39450836616310414,3.4527665407543457,0.3013897627232919
0.9889208899308933,0.8744323457479705,0.572883352901494,0.34758964085089605
0.03986132042122026,0.9242352088056404,0.23089064332813103,0.5648469353993387
0.6273563171252056,0.9407747933085262,0.5753399268487125,0.13017356568667482
1.6201504612593751,0.5793236022346689,0.36615730848655537,0.24694278618024768
0.44112532801753834,0.11085476636693858,0.10621751027177484,0.948738950380575
0.8836925089627917,0.8575180111396916,0.24591771307959165,0.7559247797184774
2.6677069396641873,0.565901277348867,0.5176322591726679,0.7887730056473589
0.8709241635560876,0.04161877020268645,0.138480071640105,0.3143752290744528
0.2148470856102871,0.37547506468635206,0.8637260755772665,0.4472480766052839
0.4070556254060611,0.7547382127276414,0.6527765005308026,0.5297398084202173
2.7584506026857882,0.6757857613004474,0.1958071657495294,0.704802929893564
0.14231186611469504,0.23250885879566952,0.501293215893522,0.9531938637899378
0.23704132928551802,0.4937571599599394,0.45483343745167537,0.918636623102864
0.6924809878076571,0.30022263480939587,0.3363732756902976,1.0023709520085657
1.2841330482707531,0.9947880671239703,0.5770226706568773,0.5361606533712351
0.9747228048536347,0.5243679715658827,0.6774447579667188,1.3770338533427242
0.9606363971680173,0.5223642523026039,0.34293371523605715,1.7615975193577997
2.197615577505114,0.4580674116543195,0.0608304743207263,0.4691385211146491
0.41423015414319175,0.34437056424737655,1.720994377988667,0.1030526048651591
0.665703992084544,0.7765621516281961,0.26648204261057373,1.109041821215994
0.8044912857690839,0.3039137182764682,0.3422102867773136,1.7312483268920604
2.1946643474866185,0.38716046877005605,0.5769776108248905,0.10316440203196342
0.6916232946502079,0.7123780361908705,0.7875258340501836,0.24470999170863494
0.44678503400005487,0.6035614858586544,0.11596492816661108,0.9358198119138117
0.7361530971335889,0.10665554490868556,0.5879034099860823,0.035150673518062
0.1794851033746595,0.29343130161661957,0.06910425846226931,0.05470872215286304
0.22986406588750874,0.16624917019531937,0.22910621394985164,0.7998038738081215
0.34931899461282434,0.12722331264636644,0.04114790146323044,0.7421325098443798
1.6041370588825865,0.04591855103150544,0.07784565232944218,0.7852372567314305
0.6842949029247991,0.2793087328175584,0.8059201835812991,0.11398490682188644
0.5456198818935071,0.7395438653684805,0.198605685927558,0.4790372176619011
1.3544297847335611,0.674132839056277,0.84228137630617,0.2993896602282681
0.6343565936866624,0.2857746053989638,0.022102299834021455,0.2067984841929661
0.58791914441867,0.8186864969679978,0.9111843133562304,0.5114725636290468
0.15779452671844463,0.28085949064592697,0.35260613580735967,0.13087470985496952
0.818912868501781,2.136539696261271,0.11561361754078137,0.34458303821477354
0.021528120801002193,0.9927842208322855,0.6887067569719949,4.708988080384703
0.810177820427164,0.7949482794380774,0.5453470895646124,0.9351132898292188
0.1911768025553986,0.535427170140277,4.748087301270139,0.9627236263198984
0.2501239406781161,0.657328804163282,3.768354039998721,0.6259838584386891
0.7699076185817234,0.4943554258209153,0.057755249958545085,0.14086153359202513
0.4596055508220177,0.5826369903626154,0.25941831823831873,0.3592946378174696
0.2766668323626007,0.20587958406292572,0.0379920236711081,4.0438103453027265
0.15539628797319172,0.049339121613896975,0.0791614352977903,0.15254565885663485
0.6224621272952496,0.5896020111891543,0.46351237071552154,0.40312762206351493
0.592517751966545,0.6836874094167218,0.6527230043690617,0.5681718332433107
0.982718929468517,2.6989247440336754,0.995581170299385,0.886627019320927
0.885459028706465,0.7592467094000976,0.42257543976240186,0.3118545194271841
0.7325751433295739,0.0849756028745412,0.9574665082897393,0.2977481275167303
0.9982525646116752,0.894645069192765,0.48696878749777417,0.45368821493899936
2.8599489000148703,0.7663432221844602,0.4214866254737343,0.9404532255634703
0.6485820248156532,0.4752844734643251,0.9929741248590606,0.3368169801920706
0.34297268963198124,0.2858718924909647,0.8555612552693879,0.32529327928990803
0.8129365162351191,0.9266641803606066,0.7466413422696524,0.1846883903875718
0.09262763041344624,0.09747687528059867,0.08153939601039384,0.5871627961068964
0.7595629303486047,0.9436646942389598,0.7146207235934887,0.7841812462314187
0.8105403966991724,0.4782866605276611,0.39833863744821596,0.15227587561950817
0.8760565133105764,0.8237287538029003,0.04427574155855751,0.37338706344876205
0.7328644985769557,0.44788204453989877,2.691576328882539,0.2432445581026706
0.13149399913331694,0.9690285777731228,0.2546230320026667,2.683026951114237
0.9914518614024294,0.8389420538908503,0.8812860769345108,3.440458425172134
0.5476453239706819,0.30611244709309837,0.3669051972890248,4.363653538047194
0.461026630099172,0.02362502625806384,1.6896575763939008,5.564250871464201
0.5512490081881118,0.5172570028499881,1.4694903420583756,7.022687911005482
0.4970499699718526,0.03908230195956297,2.1860050168496414,8.778363082043295
0.7956517206004282,0.5782210739021032,0.9729538525551392,0.40022045320934985
0.35158722062762127,0.8622242846252697,0.6457278356469993,0.4080519782429002
0.09001952991581597,0.5099036412324868,0.14563721781448202,0.5708684727473201
0.524234568359249,0.06779731110831566,0.2516375685670812,0.6457559487325929
0.8957806164313303,0.3956995315731091,0.76519021479632,0.03613882160725024
0.5972025306126332,0.20572400933908375,0.7319177107276258,0.47345468874527896
0.3493975298983082,0.7021296882968104,0.24517809298521565,0.7164212767083085
0.1733140834793424,0.4800167899804766,0.6810812039902191,0.9084288500176224
0.8611573640307071,0.9973778976349463,0.71868156366418,0.9504548015191135
0.05698907573695855,0.7300993102030867,0.7931443619916664,0.9416656852399121
0.24049095417746313,0.5971185244869626,0.9467629294703735,0.5198883458397531
0.70944348681311,0.6046918113470897,0.3993690325712578,0.317602906192338
0.24731154283949242,0.5073023574718878,0.3842289274584175,0.37864075836888345
