0.17204745259846987,0.09808856822169898,0.3707362286742435,0.7286629769827988
0.9364175967753107,0.7360778058336094,0.3432096762123369,0.6263636308026201
0.5314895196192263,0.23102033847517334,0.9320853590062597,0.5257330235592417
0.018967217612410825,0.12855509252296793,0.05477474908896651,0.5491932642280959
0.0643671696286876,0.7174190779703964,0.044474003379255445,0.11222428670270279
0.10258861682709708,0.46366504756601723,0.40849021184706813,0.8804618774799102
0.26426234431830986,0.15361406987571546,0.780058637122405,0.3097130924742414
0.7419912083211974,0.6417359134355928,0.4223730567095483,0.6370451244583059
0.6631116851762082,0.5165004492714573,0.37804303716059595,0.549444553597465
0.23455560089155536,0.5853743932238507,0.9250612766411153,0.8606443181533202
0.3929932186859154,0.29517723282534725,0.8007182903283588,0.9718150111155774
0.8904386783115913,0.15328286912936495,0.09747680865709052,0.47049139100426496
0.38020763336285235,0.43798572879231235,0.8081716865098876,0.1787235583064315
0.6138777224056146,0.09867800565872831,8.035744711661284,0.19836609464748767
0.4486658653805655,0.4140978781399932,1.6071489423322567,0.07472825372374295
0.7242682497069104,0.5230524078793154,0.3214297856659277,0.0051991355291194415
0.9865540723575675,0.032990308563659504,0.014344242524319976,0.013859370408411687
0.2923046312307601,0.3386897113513557,0.014110799632198474,0.0839415815530344
0.6529146404714027,0.7615243088122613,0.07659311060478292,0.3741557304252825
0.7561744496976126,0.6201426611021699,0.1618463498777361,2.0985760250072225
0.5340697697690934,0.05486279925860493,0.49288012524047853,0.09645063444072488
0.07674198897460582,0.8714167230514556,0.5182133891008209,0.28078747294504525
0.5522633891977485,0.576264053328709,0.43549731264563407,0.1641838253700102
0.7137232348550965,0.877568377654028,0.5326599797343694,0.8517479944249048
0.4075759222516211,0.2970416394158396,0.2724854635056094,0.24051796446520202
0.8051381949958177,0.68955109646629,0.5560004148435294,0.5037843816273447
0.15018034246453704,0.9404213681101488,0.9681782694339112,0.16238152658198457
0.006501135713935145,0.1663294583074365,0.8061919789783856,0.4549217217364693
0.5317481546452859,0.9696358843378332,0.5331891017589284,0.5994478635711511
0.731247948539842,0.40780933608549075,0.5461132728770244,0.814807538945929
0.7682128540588313,0.6262108853424595,0.18398714222973,0.8303571985028483
2.0985760250480956,0.1996954875519788,0.09951400372726149,0.23819352901228907
0.2887099403414066,0.2677158105037014,0.5445414927045538,0.15881027494551736
0.7994390366117206,0.010044896353596067,0.16628556959437746,0.845789315594318
0.2693920188550488,0.3617674133888399,0.11779193422701917,0.2937345058982418
0.19516919026970503,0.14316088178025926,4.0587469011796475,1.975099068811057
0.29365268117221277,0.9825830190393218,0.17874957766965371,0.6629674293048515
0.7308848007402704,0.5017305293811175,0.8209004302855833,0.7914011555558387
0.02971293199799322,0.029901149614050805,0.3331994759991346,0.831685765922677
0.21429700526685014,0.2935384680032683,0.10222266921623321,4.178162963787347
0.6671474667972409,0.08224897680466337,0.4608979483377399,0.9119582715891402
0.8468701712664503,0.5332235315089531,4.18239165420772,0.18079105152503794
0.419715205009438,0.04999845463856643,0.17623593045821087,0.536173815677069
0.18984313172018807,0.11344261885690121,0.6497229835877499,0.834573553436755
0.8104635497941386,0.6249152959156973,0.9071361407726272,0.5288430845725813
0.459036303948409,0.9322713878289557,0.8383843687588047,0.3637255744391267
0.8117491461685198,0.10153692134568676,0.3124414848821715,0.22791999446953848
0.9199614441883729,0.9343372262230917,0.0014370384118006507,0.32683218152310545
0.31752551440120325,0.35024341047205265,0.9065019965043029,0.9145615280955708
0.16625008491435542,0.01764964384086732,0.24358169311733113,0.8420020273424659
0.688793831112525,0.6964570864705207,0.7407530276908414,0.6170960394845055
0.7104787985966242,0.16061136888513783,0.5634112112169631,0.8387125805092644
0.9403990720588999,0.6828968607245254,0.7379831933692291,0.5222453986604892
0.08394301662173392,0.025709735128292825,0.9792043784635908,0.5313551457694844
0.23410038550709444,0.7398016552663076,0.05158368708144634,0.3012022676438716
0.33641971362169,0.04228407696318437,0.7351911958325237,0.4864215565170117
0.2133849624755101,0.027665553873226237,0.3553362162299357,0.023281622723305615
0.16234500794542356,0.887513267974984,0.03630544914635092,0.02528822139317021
0.40623673578870023,0.31906940309690146,0.032432092482981636,0.009993684232658569
0.30582386225846614,0.5463692880826195,0.006306492783290126,0.004563121631366077
0.03332214832739536,0.022181507978164552,0.0038576689367330313,0.007092839738376919
0.9485436723770133,0.5505681489094996,0.006571057210910079,0.0035681964270896094
0.9814930522770199,0.5432843996821436,0.0021757646831038705,0.03186859376328195
0.8736945940898648,0.1609274975599458,0.013706118915194083,0.0321958765861933
0.025546245130364933,0.9400613735209585,0.031139676445934638,0.020699754772282475
0.21779776119358174,0.4793846598506458,0.24199161549763648,0.3926342280292824
0.9993982185720726,0.6530356655056376,0.9128660811835,0.1836255979592174
0.05360217351671451,0.1383464856040881,0.010723796466543756,0.24548854801973052
0.41643252452870616,0.6307278099368415,0.9263224004822033,0.5776846996171335
0.07271656579131958,0.3210412541065799,0.3193603808044342,0.1550185943214223
0.023008805778434782,0.35695045578571527,0.30316206628569053,0.9435340473884747
0.006347490130998508,0.16197208774907546,0.363773286225496,0.28085593573849355
0.9588985558502374,0.05032722332833495,0.7286725432505914,0.8821850526210007
0.7511055412696634,0.39816804759316093,0.25027782802808674,0.3348118722461515
0.02577001597391778,0.8053661034201658,0.43498938070433957,0.4812749884397447
0.06919831434746493,0.6263630837018078,0.6305958080356717,0.4784469736210579
0.8459496861922695,0.5095430486037674,0.4609784672391093,0.2352356961030666
0.22715524902762185,0.393650512190715,0.4426969347970242,0.6689715270921393
0.0742539996764697,0.3647699172153476,0.34150245615514585,0.8236994645032354
0.7790733516217757,0.7420943162206892,0.16082536152685475,4.118497322517943
0.6352844732707682,0.1480599165235339,0.5924866125897127,0.4032580243229028
0.051952041396177484,0.34101757028102353,4.118497250332965,0.07516045985625425
0.011907336115166284,0.012708399047738485,0.8173676529979894,0.9065872758723458
0.30945677312883424,0.24190004835929624,0.5972418182605393,0.5972666237620469
0.8874821597080337,0.7873793712260626,0.663975750966436,0.1542797211702266
0.10190836582757697,0.1051741610359691,1.535004505390191,4.02683796715738
0.2738062240698983,0.6745208699792086,0.1341898357869017,0.8423672868921519
0.39629016517642657,0.48868904236446065,0.09789276234613309,0.684739109065368
0.35664740877148504,0.890829563869161,0.5981275929374001,0.24803434059239293
0.1301750493764341,2.168542487206264,0.3536880904853832,0.8326969051251948
0.16276870300299773,0.3069357610502559,0.07958940402434633,0.7073531049718651
0.8455953511291888,0.1678396784530588,0.0853279115950959,0.27931490011270244
0.8138205603952857,0.11206633558747203,0.13555286324724447,0.7047488745184227
0.15835350288547406,0.00839774723272843,0.34234835571432176,0.01991923600676415
0.8569515693656635,0.5468149482635962,0.10493960974382743,0.3109645142483367
0.07455326863256173,0.4889165184415537,0.16928175452225303,0.9292149544404974
0.17733398992067773,0.985248575555201,0.6232885497476143,0.5219471510945578
0.7173909179042353,0.3089200653544394,0.8005122900402923,0.8582636661987438
0.2618911726837986,0.39527241410749214,0.5864957912300238,0.41865194275405015
0.46778859714272725,0.9350024267127365,0.8922444646683445,0.9297291517656046
0.598232797051791,0.8076892237606541,0.46780790459949084,0.8427124360498975
0.04979770785748838,0.5074160792806749,2.1685424872085566,0.06754440356172371
0.5885700006613898,0.614132259153015,0.4337084963041856,0.04180622303530718
0.3312595990581261,0.8525008901554864,0.08673806112434998,0.017618581736078647
0.02304175086053987,0.7213033663016064,0.021086467419695498,0.06416755982121518
0.048208571864594374,0.1750890736285502,0.019966724083182872,0.32453408118950416
0.44986868985079076,0.7571004568484908,0.04744439582786803,1.6287942466013603
0.4675369339786969,0.233571904221469,0.21849004328614968,8.143971233006802
0.26065580149964307,0.06927299402010323,0.7198561650340202,0.9375231709451516
0.4454423727531186,0.5553554737329122,0.9159165556756698,0.7982800361734406
0.19945912940224253,0.22862242889789053,0.6383524070045297,0.3266111068571551
0.8831072186939759,0.27600514047733904,0.17950085421794493,0.410003674469436
0.5056476706380939,0.1495265993317466,0.49874486281475006,0.4076144631279406
0.971213613003257,0.9153715715538381,0.11931823742214043,0.5344458432338247
0.8324913893110434,0.11331304813254883,0.4193156487772094,0.3383021114270842
0.21396174821888125,0.090451498261644,0.8380937227100317,0.9629217096448962
0.2273226204163329,0.8197594339117531,0.2736462310276683,0.06977474352616297
0.7675304737310386,0.8349469394690479,0.4643613684474177,0.20171887851358006
0.7746667469652824,0.8824574760020591,0.23646997243047008,0.6240697113989556
0.16038788596150721,0.05182792355550914,0.18401384854437652,0.22155453256582802
0.3403752912709048,0.18895836756861817,0.9295279568931905,0.7486031119940614
